11
Textures/Sky.png Textures/Sun.png Textures/Mercury.png Textures/Venus.png Textures/Earth.png Textures/Mars.png Textures/Jupiter.png
Textures/Saturn.png Textures/Uranus.png Textures/Neptune.png Textures/Pluto.png Textures/Rings.png
20000000000

695990 25.38 7.25

2439.7 57909068 0.20563069 48.33167 29.124279 7 87.969 58.646  2.11
3.981532574646779E+07  2.693705871595619E+07 -1.427017526993466E+06

6051.8 108208930 0.0068 76.67069 54.85229 3.39458 224.698 243.023 177.36
1.083995110582697E+08 -7.516123504840386E+06 -6.361445678009944E+06

6371 149598261 0.01671123 348.73936 114.20783 0 365.256366 0.99726968 23.44
1.162398804913440E+08  9.214935380493926E+07 -1.560961036842257E+04
 
3389.5 227943820 0.0933941 49.57854 286.4623 1.85061 686.98 1.029 25.1919
-1.528793878916806E+08  1.925541334868633E+08  7.784109759604024E+06

69911 778547200 0.048775 100.55615 275.066 1.03 4332.589 0.4147 3.13
-1.308404872563110E+08  7.618480179221750E+08 -2.483656477704518E+05
 
57316 1433449370 0.055723 113.642 336.013 2.485 10759.22 0.4416 26.73
-1.062988073620396E+09 -1.022591702447227E+09  6.008502801056857E+07
 
25266 2876679082 0.044406 73.989821 96.541318 0.773 30685.4 0.71833 97.77
2.946083841697208E+09  5.529078700946414E+08 -3.611419689746372E+07
 
24552.5 4503443661 0.011214 131.79431 265.646853 1.767975 60190.03 0.6653 28.32
4.036568780165731E+09 -1.954926579794473E+09 -5.276881058283679E+07
 
1195 5906376272 0.24880766 110.30347 113.76329 17.14175 90613.3 6.38723 119.591
9.074663629135412E+08 -4.775885697847751E+09  2.485565548180889E+08

80 4000

1.8 2.2 2.4 2.2 1.48 1.4 1 0.8 0.8